280.000000 0.135236
281.000000 0.096912
282.000000 0.089536
283.000000 0.088817
284.000000 0.093337
285.000000 0.097057
286.000000 0.095001
287.000000 0.092333
288.000000 0.090527
289.000000 0.088533
290.000000 0.086698
291.000000 0.117083
292.000000 0.130660
293.000000 0.112653
294.000000 0.148959
295.000000 0.162866
296.000000 0.145053
297.000000 0.199863
298.000000 0.238685
299.000000 0.185704
300.000000 0.121434
301.000000 0.118768
302.000000 0.120739
303.000000 0.095947
304.000000 0.146456
305.000000 0.165978
306.000000 0.280768
307.000000 0.425347
308.000000 0.684733
309.000000 0.973036
310.000000 1.278963
311.000000 1.620696
312.000000 1.569767
313.000000 1.386589
314.000000 1.423118
315.000000 1.526994
316.000000 1.423789
317.000000 1.424408
318.000000 1.616849
319.000000 1.618501
320.000000 1.674181
321.000000 1.821806
322.000000 1.996650
323.000000 2.185274
324.000000 2.457737
325.000000 2.750566
326.000000 2.992105
327.000000 3.204590
328.000000 3.330081
329.000000 3.380665
330.000000 3.364292
331.000000 3.295819
332.000000 3.217893
333.000000 3.183106
334.000000 3.263873
335.000000 3.405465
336.000000 3.628241
337.000000 3.959943
338.000000 4.383417
339.000000 4.939162
340.000000 5.501911
341.000000 5.965106
342.000000 6.278169
343.000000 6.332132
344.000000 6.060871
345.000000 5.670887
346.000000 4.972318
347.000000 4.446290
348.000000 4.213110
349.000000 4.329322
350.000000 5.054853
351.000000 6.633210
352.000000 9.185478
353.000000 12.986015
354.000000 18.497470
355.000000 25.266468
356.000000 33.189815
357.000000 41.300453
358.000000 49.043875
359.000000 56.325488
360.000000 62.368944
361.000000 67.004669
362.000000 70.185609
363.000000 72.367527
364.000000 74.131018
365.000000 75.563137
366.000000 76.843324
367.000000 78.156173
368.000000 79.851764
369.000000 81.968981
370.000000 84.077036
371.000000 86.005549
372.000000 87.652473
373.000000 88.746759
374.000000 89.244196
375.000000 89.205541
376.000000 88.700417
377.000000 87.885091
378.000000 86.740238
379.000000 85.524511
380.000000 84.512533
381.000000 83.629737
382.000000 83.046130
383.000000 82.735897
384.000000 82.631695
385.000000 82.952149
386.000000 83.631584
387.000000 84.450894
388.000000 85.447051
389.000000 86.560113
390.000000 87.604168
391.000000 88.567120
392.000000 89.361250
393.000000 89.991469
394.000000 90.443496
395.000000 90.603932
396.000000 90.528639
397.000000 90.250922
398.000000 89.794156
399.000000 89.256817
400.000000 88.695978
401.000000 88.050460
402.000000 87.469498
403.000000 87.144942
404.000000 86.996800
405.000000 86.924939
406.000000 87.046830
407.000000 87.387941
408.000000 87.799364
409.000000 88.228298
410.000000 88.684244
411.000000 89.154140
412.000000 89.643682
413.000000 90.112831
414.000000 90.323122
415.000000 90.366342
416.000000 90.616331
417.000000 90.832150
418.000000 90.556124
419.000000 89.997021
420.000000 89.692273
421.000000 89.241211
422.000000 88.725032
423.000000 88.232774
424.000000 87.734455
425.000000 87.274275
426.000000 86.882957
427.000000 86.766360
428.000000 86.378873
429.000000 86.179178
430.000000 86.067015
431.000000 85.851337
432.000000 86.141184
433.000000 86.413741
434.000000 86.719147
435.000000 87.026787
436.000000 87.344269
437.000000 87.654365
438.000000 88.001929
439.000000 88.323562
440.000000 88.526753
441.000000 88.647466
442.000000 88.761660
443.000000 88.762498
444.000000 88.636545
445.000000 88.460906
446.000000 88.182343
447.000000 87.838383
448.000000 87.447335
449.000000 87.208812
450.000000 86.534829
451.000000 85.764485
452.000000 85.434049
453.000000 85.088830
454.000000 84.548259
455.000000 84.453861
456.000000 84.367139
457.000000 84.341978
458.000000 84.397759
459.000000 84.610180
460.000000 84.869547
461.000000 85.147592
462.000000 85.750330
463.000000 86.037479
464.000000 86.420331
465.000000 86.869306
466.000000 87.383552
467.000000 88.113335
468.000000 88.420264
469.000000 88.530235
470.000000 89.034286
471.000000 89.388969
472.000000 89.544377
473.000000 89.552759
474.000000 89.497346
475.000000 89.364002
476.000000 89.056741
477.000000 88.625765
478.000000 88.181014
479.000000 87.621245
480.000000 86.967253
481.000000 86.605563
482.000000 86.186261
483.000000 85.645726
484.000000 84.664041
485.000000 83.861181
486.000000 83.307251
487.000000 82.932892
488.000000 82.658899
489.000000 82.154513
490.000000 82.052757
491.000000 82.012646
492.000000 81.817907
493.000000 81.741741
494.000000 82.020386
495.000000 82.536791
496.000000 82.691613
497.000000 82.970165
498.000000 83.600827
499.000000 84.126653
500.000000 84.303940
501.000000 84.677814
502.000000 85.104237
503.000000 85.526104
504.000000 85.861622
505.000000 86.218301
506.000000 86.541352
507.000000 86.721507
508.000000 86.772718
509.000000 86.767654
510.000000 86.641026
511.000000 86.388854
512.000000 86.064208
513.000000 85.639474
514.000000 85.062050
515.000000 84.398306
516.000000 83.713671
517.000000 82.953778
518.000000 82.098321
519.000000 81.208836
520.000000 80.273105
521.000000 79.255870
522.000000 78.401774
523.000000 77.638859
524.000000 76.793424
525.000000 75.964644
526.000000 75.601561
527.000000 75.096548
528.000000 74.617789
529.000000 73.647119
530.000000 73.048921
531.000000 73.105159
532.000000 72.650694
533.000000 72.498644
534.000000 72.843640
535.000000 73.173037
536.000000 73.244264
537.000000 73.269796
538.000000 73.683538
539.000000 74.688436
540.000000 75.563070
541.000000 76.543957
542.000000 77.506061
543.000000 78.599405
544.000000 80.171353
545.000000 81.385468
546.000000 82.134669
547.000000 83.040299
548.000000 84.048843
549.000000 85.128918
550.000000 86.762782
551.000000 87.794489
552.000000 88.571543
553.000000 89.175142
554.000000 89.492626
555.000000 89.602245
556.000000 88.772937
557.000000 88.248056
558.000000 87.343229
559.000000 86.444159
560.000000 85.276499
561.000000 83.916356
562.000000 82.102254
563.000000 80.236105
564.000000 78.389927
565.000000 76.452079
566.000000 74.397573
567.000000 72.286025
568.000000 70.263910
569.000000 68.115716
570.000000 66.985675
571.000000 64.444086
572.000000 61.185364
573.000000 59.822854
574.000000 58.339131
575.000000 56.766612
576.000000 55.340334
577.000000 53.919663
578.000000 52.507345
579.000000 51.180261
580.000000 50.004465
581.000000 48.914326
582.000000 47.792395
583.000000 46.858915
584.000000 45.965205
585.000000 45.196094
586.000000 44.528539
587.000000 43.892330
588.000000 43.360584
589.000000 42.815476
590.000000 43.983560
591.000000 42.676062
592.000000 41.926514
593.000000 41.553892
594.000000 39.607885
595.000000 40.476278
596.000000 42.685500
597.000000 41.413350
598.000000 40.917824
599.000000 42.765568
600.000000 41.776384
601.000000 41.524769
602.000000 41.687197
603.000000 39.981333
604.000000 41.261647
605.000000 42.014175
606.000000 42.558636
607.000000 43.320615
608.000000 43.667528
609.000000 44.294049
610.000000 45.071881
611.000000 45.547590
612.000000 44.585931
613.000000 46.675837
614.000000 48.178314
615.000000 49.411591
616.000000 50.364209
617.000000 51.574425
618.000000 52.503478
619.000000 53.575499
620.000000 56.679175
621.000000 56.443029
622.000000 57.165448
623.000000 58.318144
624.000000 59.519512
625.000000 60.608073
626.000000 59.614463
627.000000 62.399424
628.000000 64.246280
629.000000 63.333442
630.000000 65.950121
631.000000 69.596134
632.000000 69.676676
633.000000 70.538565
634.000000 71.485528
635.000000 72.872267
636.000000 74.232047
637.000000 75.204881
638.000000 76.056682
639.000000 75.245164
640.000000 77.893333
641.000000 79.034219
642.000000 80.053242
643.000000 81.080365
644.000000 81.980753
645.000000 82.695415
646.000000 83.153836
647.000000 83.619607
648.000000 84.421178
649.000000 85.190542
650.000000 85.711702
651.000000 86.049580
652.000000 86.663934
653.000000 87.259246
654.000000 87.444443
655.000000 87.603057
656.000000 88.001657
657.000000 88.474035
658.000000 88.679403
659.000000 88.918679
660.000000 89.116852
661.000000 89.385468
662.000000 87.944158
663.000000 89.471942
664.000000 89.990578
665.000000 90.186801
666.000000 92.142980
667.000000 91.115542
668.000000 91.167892
669.000000 91.205502
670.000000 91.267906
671.000000 91.361138
672.000000 91.478223
673.000000 91.648623
674.000000 91.948236
675.000000 94.283151
676.000000 92.873835
677.000000 92.494165
678.000000 92.505186
679.000000 92.640823
680.000000 92.770991
681.000000 92.856605
682.000000 93.064253
683.000000 93.285102
684.000000 93.272073
685.000000 91.409165
686.000000 92.779880
687.000000 93.311226
688.000000 93.575083
689.000000 95.401144
690.000000 93.930796
691.000000 93.557016
692.000000 93.624475
693.000000 93.569928
694.000000 95.290395
695.000000 93.926114
696.000000 93.496609
697.000000 93.384840
698.000000 93.378252
699.000000 93.282416
700.000000 93.093514
701.000000 92.985042
702.000000 91.222067
703.000000 90.677321
704.000000 91.811121
705.000000 93.954345
706.000000 92.533114
707.000000 92.107249
708.000000 91.626182
709.000000 91.519570
710.000000 91.410513
711.000000 91.197923
712.000000 91.063013
713.000000 91.039913
714.000000 90.728535
715.000000 90.359767
716.000000 90.202619
717.000000 90.227953
718.000000 90.183107
719.000000 90.049423
720.000000 92.621389
721.000000 90.519543
722.000000 89.951747
723.000000 89.434269
724.000000 89.227062
725.000000 92.000662
726.000000 89.676068
727.000000 88.943045
728.000000 88.660417
729.000000 88.632729
730.000000 88.663209
731.000000 88.550768
732.000000 88.469044
733.000000 88.378823
734.000000 88.347688
735.000000 85.635577
736.000000 87.519024
737.000000 90.906010
738.000000 89.205394
739.000000 88.821460
740.000000 91.458932
741.000000 89.371009
742.000000 86.067067
743.000000 87.865220
744.000000 88.538987
745.000000 86.068301
746.000000 88.106350
747.000000 88.817168
748.000000 85.310829
749.000000 87.928367
750.000000 88.873928
751.000000 89.192931
752.000000 89.216670
753.000000 89.521344
754.000000 89.862100
755.000000 90.086633
756.000000 89.920285
757.000000 89.876481
758.000000 89.958766
759.000000 90.386155
760.000000 90.475521
761.000000 90.654301
762.000000 90.707840
763.000000 91.126054
764.000000 91.086310
765.000000 90.940115
766.000000 91.273456
767.000000 86.155434
768.000000 85.155291
769.000000 89.102295
770.000000 95.157836
771.000000 92.389711
772.000000 86.551950
773.000000 89.934126
774.000000 91.015591
775.000000 85.997076
776.000000 89.581679
777.000000 90.800290
778.000000 86.271363
779.000000 90.017296
780.000000 90.982915
781.000000 86.230416
782.000000 89.764764
783.000000 90.589376
784.000000 90.846389
785.000000 90.843309
786.000000 91.101407
787.000000 90.945522
788.000000 90.702411
789.000000 90.671208
790.000000 90.637932
791.000000 90.626399
792.000000 90.858291
793.000000 90.800100
794.000000 90.603428
795.000000 90.124203
796.000000 90.223973
797.000000 90.228869
798.000000 89.914076
799.000000 95.601368